0.0, 0.003661112669823508, 0.003841851931981288, 0.0021853662127258285, 0.0026116570547585864, 0.00557520009232654, 0.14075830061400224, 0.0030177386596328326, 0.12186309234942946, 0.021252859091548303, 0.003668646586271018, 0.2914057134973301, 0.0048154345361176715, 0.010398758920915959, 0.005502699415296721, 0.018352032988133586, 0.004222155182034989, 0.014533376705783769, 0.011386071555299804, 0.02004433563930088, 0.03760970051588005, 0.008050895221540894, 0.0494930544696116, 0.32323288995930016, 0.07908800863589771, 0.18676706837508059, 0.06286387385142551, 0.06017411554281876, 0.06010196786590632, 0.020542331956783844, 0.041268792935198875, 0.7622906953979632, 0.4402260230160777, 0.5702239094880326, 0.3783200390704873, 0.3103407430950746, 0.4793314684327911, 0.36734396285764775, 1.1897341152622072, 0.3123016284853518, 0.19947975323641243, 0.07912999568865238, 0.0295812846297131, 0.26022453459012457, 0.29960788016444495, 0.19964546749437118, 0.2983911377670839, 0.22586265054050148, 0.019362794773566363, 0.0963094732955754, 0.08596667631364088, 0.16511205981357482, 0.07960966717561999, 0.07704600775123996, 0.07667452166080876, 0.10789841191635471, 0.44204443914310115, 0.47218630360103503, 0.27371190537469436, 0.40939431148658006, 0.30995376115197243, 0.9412716188959013, 1.4135399909974784, 2.5883520555308337, 0.36960160913610624, 0.002363963453066132, 1.515237517178199, 0.0822286744008458, 0.28354892428034695, 0.24638028200335038, 0.5853941160710487, 0.09224167840094472, 0.14768577926818105, 0.08001931839024866, 0.0051053432542312455, 0.004605136746997255, 0.003993302063745549, 0.006143020534541661, 0.004400866723823816, 0.013271952393156112, 0.01602961041665138, 0.011675610016247232, 0.007178940283402656, 0.011729098424860664, 0.00987909014703495, 0.00795855745435042, 0.007247712216646167, 0.039819232458428055, 0.5480902618372583, 0.008154520852904714, 0.010821495379624188, 0.013875466090472913, 0.008813445996063901, 0.446475858885683, 0.0452388417813096, 0.055983048344917984, 0.05016457862814848, 0.017545128207747403, 0.016474303692905503, 0.01934399716559377, 
0.003661112669823508, 0.0, 0.005789924317916884, 0.0044971672356850945, 0.004822756944236665, 0.004708738935483155, 0.1419621257889403, 0.0028289459886303406, 0.121786211529317, 0.019387578223420222, 0.00338756766628739, 0.292784318481598, 0.006646463986665381, 0.010321258506635475, 0.003560567106508711, 0.01988828223280741, 0.005090345763215772, 0.015072991369876516, 0.011618313973512024, 0.021536584884000037, 0.038642186564646776, 0.008294472568526562, 0.05069812072344755, 0.32424757310167207, 0.07957772008675637, 0.18794164102679556, 0.06408068007551612, 0.06132374137781291, 0.06163418970572232, 0.022054777500805277, 0.041648460304451934, 0.7638465662872271, 0.44135799263445796, 0.5724208295581591, 0.37977145540708285, 0.31130331288814683, 0.4809959699038325, 0.36950218892592046, 1.190367364404839, 0.3146866742862279, 0.20054328796668916, 0.08071106440108748, 0.03133869148946017, 0.26032476136665755, 0.2995620413677101, 0.2015615768689272, 0.29879568316411753, 0.22723045200524872, 0.02056048381185109, 0.09788001742290453, 0.08638135610393838, 0.1652869162096471, 0.07986761456751122, 0.07815934534307584, 0.07705506457065761, 0.10823914085876266, 0.444774833457983, 0.4740306788751787, 0.2753910307003514, 0.4114286482594814, 0.31022348085319745, 0.9432628967198853, 1.4152378860479418, 2.5897225773283488, 0.37150795549789817, 0.004480569562492, 1.5173744734393175, 0.08433808435030833, 0.28627153665993155, 0.24808614904457751, 0.5868206590006463, 0.09337733606806563, 0.14779941491874873, 0.08121619801895189, 0.008010489234718752, 0.006296835784218404, 0.006290120856771664, 0.008953521554414407, 0.006346151914231788, 0.013361758380750943, 0.016442646426441408, 0.014493673251975056, 0.010103110302045856, 0.012131984503231283, 0.010129404976360274, 0.008388299122712047, 0.007422100768047606, 0.04196529494243878, 0.5503673917390863, 0.009439992535054068, 0.011438133441533962, 0.013919689740552686, 0.009989222875577939, 0.4478184218717184, 0.04423468894960176, 0.05556866399647391, 0.05184934099192209, 0.017870725975356477, 0.01500429296167211, 0.018947974385543215, 
0.003841851931981288, 0.005789924317916884, 0.0, 0.0043866479771314665, 0.004353933349199881, 0.006251836917513138, 0.14189139285601016, 0.005224858742381282, 0.12249209453225975, 0.02178079702537951, 0.004280355049894029, 0.29274883881072417, 0.006268066204163125, 0.010562868386086817, 0.006220371313469742, 0.01776752871868526, 0.003958762871450135, 0.014138599845113162, 0.011026387666417172, 0.019204172620406103, 0.0377833319692318, 0.008157142758906874, 0.04912293992201034, 0.3230761526122751, 0.07935025652370906, 0.1867367195493805, 0.06276979506295732, 0.059647530732612954, 0.05970522330920552, 0.020185999428225274, 0.04073043054556275, 0.7616599364621685, 0.44258085896068183, 0.5722747830521052, 0.37716053115051584, 0.31143517623432865, 0.4806224865783328, 0.36925938899913074, 1.1905318524482047, 0.31414718001340186, 0.20060533181262596, 0.08063182032340703, 0.03031033015967588, 0.2621811512853712, 0.3013738561033946, 0.2016990564426596, 0.30038344476730955, 0.22772125560368098, 0.021638282684008095, 0.09795905962043595, 0.08813548241536186, 0.16656962589239083, 0.08172530502190141, 0.07887299635434131, 0.07647501410082853, 0.10995315021156508, 0.44255194233282025, 0.47382763152872004, 0.2753985269842251, 0.41070965298559986, 0.3116754592836822, 0.9425288776190436, 1.4144636804257218, 2.5889370930619755, 0.37137128270792724, 0.004855167468513882, 1.5161823299685617, 0.08316966540464726, 0.2841971360997676, 0.24821807133684043, 0.5870150704040602, 0.09192470808547798, 0.1490926871868593, 0.08138818323759767, 0.004029890382304378, 0.005134150864484023, 0.00494491104809101, 0.006083028178181029, 0.0049619294637384855, 0.014629930455536023, 0.017275591457466606, 0.011529308928398502, 0.007219378108937843, 0.01300222622044794, 0.011164925341908511, 0.010451415609477713, 0.009559802500930557, 0.040225558165943684, 0.5479312697863763, 0.0073117379417463844, 0.011058383391657154, 0.013203825416899502, 0.0077970847878202475, 0.44667820732883434, 0.04636929217148732, 0.05581775478558022, 0.04926877161516445, 0.017504490407384714, 0.017060700076268615, 0.018695888334155825, 
0.0021853662127258285, 0.0044971672356850945, 0.0043866479771314665, 0.0, 0.0011819665362225536, 0.005107525121503418, 0.13978991641777985, 0.004345834518233993, 0.1214548440595521, 0.02101122934274981, 0.0035219210267649665, 0.2922873624686764, 0.005494947855092984, 0.009813844449590832, 0.0053151399192266965, 0.01758698266347127, 0.004434146002384555, 0.013662847375172359, 0.010481665165729364, 0.019294437890689162, 0.03615900255510877, 0.006975610161352195, 0.04838772591428861, 0.3232638468098902, 0.07829774809735554, 0.18633315902923098, 0.06181433875794189, 0.059806456956230526, 0.05871879310524604, 0.018855151427608633, 0.04078758748670066, 0.7608977455712067, 0.44001174314100167, 0.5696660649795823, 0.37752655336126, 0.3100424369758175, 0.4788515204357037, 0.3670634560854381, 1.1894567375805556, 0.31208485753557463, 0.19916181397115088, 0.07845167458970752, 0.028798512359049257, 0.25992523365949083, 0.29934820085135777, 0.19923694977503537, 0.2980217939477671, 0.22554659555399795, 0.01973939452015516, 0.09495012807996392, 0.08483977970867515, 0.16381882345712975, 0.07848589231612918, 0.07569055539484001, 0.07547887121779875, 0.10673248780186838, 0.4414515429564054, 0.47175325945050484, 0.2734782766696416, 0.4089585203024212, 0.30958855080252035, 0.9398765233487658, 1.4128855962000715, 2.588026356957012, 0.3688767253829092, 0.0024111880710917417, 1.514441906831842, 0.08111855319170978, 0.28269610121192434, 0.24580446427240749, 0.5851319426638937, 0.0918113038952595, 0.14733718917883595, 0.0790722372379696, 0.004537599745628032, 0.0045914599735876575, 0.004520780856541759, 0.0060686250940492435, 0.004947286034701377, 0.012223619418879703, 0.01518350705228866, 0.011257692739843365, 0.0070895647213044324, 0.011113720299418154, 0.009136534257109712, 0.008513794644217091, 0.007545795160407322, 0.03943833882387142, 0.5489961576791187, 0.007450556439336218, 0.010410084171908012, 0.013562712067618285, 0.008096844137719774, 0.4458856016812893, 0.044876808222043284, 0.05546122610035867, 0.04868614594373472, 0.017252490689883992, 0.016113601555704394, 0.019000406937428535, 
0.0026116570547585864, 0.004822756944236665, 0.004353933349199881, 0.0011819665362225536, 0.0, 0.005160055252416002, 0.1397101472969482, 0.004427091290715744, 0.12149871622855982, 0.02093750217853675, 0.003457104401458031, 0.2922894438352423, 0.005694403090790517, 0.009961908014961487, 0.005404779377598948, 0.01732327144236593, 0.004551309668146036, 0.01347101022131418, 0.010361600715350274, 0.018936254002374236, 0.03632481988268788, 0.007198516113862752, 0.04849933356033878, 0.3231556930302693, 0.07844203067504117, 0.18631419019410242, 0.061531992175185755, 0.059641849325238486, 0.058521239328382, 0.018651804455515095, 0.04053706602665122, 0.7606427654677388, 0.4401812641835636, 0.5698652747468926, 0.3774307900266521, 0.3100968515307876, 0.4790974492587157, 0.36714993288055053, 1.1894957513238744, 0.3121723089058787, 0.19907437552449228, 0.07858256500077247, 0.02893562912853916, 0.2601488551886378, 0.29946999873333985, 0.19943769986631768, 0.29813567963978604, 0.2255031387665798, 0.020044935100904514, 0.09490989788771262, 0.0849930213869848, 0.16380896766211245, 0.07861323617789244, 0.07566769138186843, 0.07525636108328482, 0.10686894183573724, 0.4415005331840517, 0.47173873447111025, 0.2735000388962393, 0.4091039533531507, 0.3095354241169588, 0.9399862816436351, 1.4126257533850666, 2.5879138140889975, 0.36883328885999805, 0.002512773009726435, 1.5143962891875022, 0.0815109927941527, 0.28309165781029927, 0.24603488274909505, 0.5854139576286006, 0.09171631212446042, 0.1472014720093976, 0.07888995695829382, 0.004666086036342736, 0.0046472513487630755, 0.004512027688064879, 0.006396313693753153, 0.004925500321774615, 0.012514870193263836, 0.015406417669843539, 0.011266211675751066, 0.00715719579193499, 0.011490726856649302, 0.009578962779931439, 0.009105995780187715, 0.008063217455871588, 0.03933511256887947, 0.5490771673186953, 0.007219476939040392, 0.010346884935046265, 0.013314884234224495, 0.007940239941819456, 0.4455274656543229, 0.044916995832085575, 0.05526934460525741, 0.048454164320487055, 0.017076633452221136, 0.01609914407563969, 0.01876330693371165, 
0.00557520009232654, 0.004708738935483155, 0.006251836917513138, 0.005107525121503418, 0.005160055252416002, 0.0, 0.1410679025424572, 0.0052213860585546374, 0.11805704326290949, 0.01717385748521764, 0.004533951710426478, 0.2945680220168958, 0.008481776543816757, 0.0069225303777074735, 0.003427685606660876, 0.0159650046274252, 0.00467752507948036, 0.011500500786930816, 0.007596277047037132, 0.017571260120458287, 0.03580173657457972, 0.004778056144719424, 0.047589566628564485, 0.3252807169187266, 0.07733741656500516, 0.18402590727600585, 0.06082541262085119, 0.05762485922012214, 0.058151543504825286, 0.020185584978498254, 0.03891967256545674, 0.7602685806421143, 0.4408535380111961, 0.5707836804693839, 0.3767872192485204, 0.3101165664184559, 0.4803685200149419, 0.36802316744524805, 1.1903855124926783, 0.3129910214212471, 0.1995627941339763, 0.07959984808592362, 0.030180619696156732, 0.2603713763732257, 0.29952848110805796, 0.20006482962440705, 0.29841840544396897, 0.22582064970945448, 0.022453801917269464, 0.09660224814361741, 0.08544704273508669, 0.16420261215027918, 0.07893447434351251, 0.07692546160680619, 0.07510154664296594, 0.10717843639889282, 0.44320246256371354, 0.47242284236791676, 0.2742700073889613, 0.4100213183341101, 0.30976692806878187, 0.941831915805103, 1.4137941557082607, 2.589151544060238, 0.37014490141428574, 0.00589306684514319, 1.5157999146298666, 0.08276618858007817, 0.2847513653703767, 0.24789311431998437, 0.5875273540336767, 0.09070624267055823, 0.14726782266909658, 0.08011503101777624, 0.008621992179666133, 0.0074671076120778465, 0.00783112421298866, 0.010084284184525895, 0.007961737490965334, 0.014501739250591332, 0.015445858833511805, 0.013606774565860725, 0.011026840855248576, 0.012842867973417164, 0.010925139752943902, 0.010745022252102191, 0.009838284339601459, 0.04075836709144082, 0.5521002885526377, 0.005548213183763606, 0.008238307269850831, 0.010524337929792703, 0.006817793190966077, 0.4456205289989557, 0.04428195684168734, 0.052071059523371134, 0.04997045857552856, 0.015277604109031702, 0.015457331445400584, 0.01612780472184715, 
0.14075830061400224, 0.1419621257889403, 0.14189139285601016, 0.13978991641777985, 0.1397101472969482, 0.1410679025424572, 0.0, 0.1409811693957825, 0.2574560107251979, 0.15612422406525212, 0.14047373980869302, 0.17031545462955855, 0.143983856659611, 0.1457612257453547, 0.14223936759533287, 0.15336336230692796, 0.14200035414835974, 0.14752196466198042, 0.1460041771587995, 0.15500651860155326, 0.17282603145511105, 0.1433159485859133, 0.18525638427720142, 0.4608995600031488, 0.21596270842817628, 0.322475466938683, 0.19786605691683373, 0.19593790966342742, 0.19499341169030637, 0.15523081380798143, 0.17330455819374552, 0.8973112994562858, 0.5757773889731412, 0.7053826968553895, 0.5140018122410477, 0.44612232423432513, 0.614201092910286, 0.5027664513384111, 1.312428734114566, 0.44774266005978086, 0.32765159104421165, 0.21379634633567712, 0.1598772386457629, 0.39530035853975815, 0.4346752842566032, 0.33462052358232286, 0.4331434213852353, 0.3603507976687267, 0.15710065085611805, 0.22976508593733572, 0.21971655991533362, 0.2972153374510181, 0.2130238995894, 0.21055420242909254, 0.21075204515370244, 0.2415337695703464, 0.5775547139199918, 0.6072179921111438, 0.4091637961720384, 0.5455319077993215, 0.44460786908765504, 1.0760952127042598, 1.4137381184866453, 2.713001644093699, 0.5041976246233656, 0.14090060328578824, 1.5728757831958164, 0.2179339200591735, 0.41915904143494764, 0.38401527541340497, 0.4628035605301338, 0.22765004661580612, 0.2822729058887812, 0.2094889470762477, 0.14184810607749976, 0.14065016181691037, 0.14076546281715793, 0.14364479330514485, 0.14069722171719098, 0.1416356224563491, 0.14197997266542317, 0.1395684440767951, 0.1443305646694407, 0.14132650545654, 0.14275201691952308, 0.14596457403276963, 0.14493709125817894, 0.1669396025067323, 0.682968278456161, 0.14274889663043897, 0.1447013158794021, 0.14479375867813324, 0.13912188869732298, 0.5802608789131973, 0.17783776407745538, 0.19054085221303474, 0.18030876042660215, 0.15211566138085322, 0.14958111794894832, 0.15207718613125235, 
0.0030177386596328326, 0.0028289459886303406, 0.005224858742381282, 0.004345834518233993, 0.004427091290715744, 0.0052213860585546374, 0.1409811693957825, 0.0, 0.12128713033964202, 0.019543084043152435, 0.0034587973814342583, 0.292552348815115, 0.005183746414036597, 0.010110932928727842, 0.004326476232888762, 0.01989987134152875, 0.005577911678355781, 0.014662148242450906, 0.01152988947365448, 0.021166758624059513, 0.039064475722466366, 0.008518554271546283, 0.0511724032986221, 0.3246503668507328, 0.07974325322984267, 0.1876799309501133, 0.06423705450898105, 0.06094818467761354, 0.061806473441833355, 0.022388289433016836, 0.04109862384525755, 0.7637971399425715, 0.4408733786436185, 0.5713792957490552, 0.37957578419510746, 0.3110324288932301, 0.47977432963910555, 0.3683588373821555, 1.189094724529767, 0.313348030025113, 0.19887699737061376, 0.07972124465349846, 0.029776879393423626, 0.2601600291567299, 0.2992172484985566, 0.20030857476154962, 0.2982354596218804, 0.22575613964074784, 0.019645228899454074, 0.09717939096843012, 0.08568308885073728, 0.16427291609958064, 0.07929015660541107, 0.07726600482461621, 0.07721505406419465, 0.10749889655322609, 0.44337123551158103, 0.47258162881506915, 0.27429763072599156, 0.41086602518283266, 0.30952897529859213, 0.9429445187851815, 1.413393886098992, 2.587765586959342, 0.37025234233133836, 0.003737995570947746, 1.5160068099225892, 0.0840204551487525, 0.2850949505095802, 0.2479341022373418, 0.5861826616652517, 0.09348691772191386, 0.14725147509296543, 0.08006086907372431, 0.006445583929609748, 0.0043470676281131375, 0.004490859937453509, 0.007189470246339375, 0.004753899000876423, 0.012346145164355919, 0.015081820650540862, 0.01296906045859825, 0.008413718529202995, 0.01068611499108434, 0.008987607725974074, 0.007972193832198238, 0.006858682200173783, 0.03997941391553609, 0.5484503756223751, 0.008570313184385288, 0.011309152070666512, 0.012864879435691309, 0.00890019850838987, 0.4476643841998117, 0.04464679793947236, 0.05530694129047847, 0.05141773209743286, 0.01723889792047053, 0.016110827197686337, 0.018971925629547002, 
0.12186309234942946, 0.121786211529317, 0.12249209453225975, 0.1214548440595521, 0.12149871622855982, 0.11805704326290949, 0.2574560107251979, 0.12128713033964202, 0.0, 0.1039969617564839, 0.12101023949466366, 0.4111669404854012, 0.12434294464010068, 0.11344137181143492, 0.11858116911562475, 0.10900616481173726, 0.12126194851284139, 0.11382670717174709, 0.11563015265218674, 0.10968583057051799, 0.10233828640160035, 0.1187151309071544, 0.16400376705387534, 0.44179883601371295, 0.18185931545077377, 0.10210621066807925, 0.06906124141512936, 0.09018056449874805, 0.1429657874033517, 0.11029565001587499, 0.09480854071306367, 0.7584389222403097, 0.402760024573912, 0.4556373975867352, 0.269716235858325, 0.19924331381659044, 0.5539146044762646, 0.26124953900632175, 1.2534029774643909, 0.20164325269950087, 0.2416973013148919, 0.1753256960765957, 0.11951875356150606, 0.274836569796727, 0.30242420004655607, 0.1522853166146075, 0.286113793494219, 0.1719496107072819, 0.1370095193439542, 0.1437988792833503, 0.07879276859087372, 0.2126412877229622, 0.14215115346502874, 0.15910503892873296, 0.14284886732282137, 0.12134982335066336, 0.40813537766505514, 0.3728411121151667, 0.3092517918110296, 0.3884488783021001, 0.364178419801202, 0.8623758098203346, 1.4763018670824621, 2.6470261080172675, 0.3335002104437061, 0.12155399845847195, 1.5990059201093128, 0.16754815898650832, 0.3463256517652032, 0.3129357466085373, 0.7000339533390599, 0.16403882155133187, 0.18212881664127695, 0.17283445362687924, 0.1244201147688202, 0.12361332335376435, 0.12399149401773324, 0.12596627552791032, 0.1241510539926465, 0.13092558888721056, 0.12762026722668512, 0.12983697051773094, 0.12687594978062747, 0.1290242930313102, 0.12768889572202946, 0.1273547806534935, 0.1262590287503959, 0.14481438534107272, 0.6680965708053641, 0.11657601598344587, 0.11977058078616873, 0.11424236554776324, 0.12048405473333286, 0.5249729949640666, 0.11063048331519862, 0.0989667250133011, 0.1608196303688289, 0.10701150711924565, 0.11179603647911383, 0.10793357472137212, 
0.021252859091548303, 0.019387578223420222, 0.02178079702537951, 0.02101122934274981, 0.02093750217853675, 0.01717385748521764, 0.15612422406525212, 0.019543084043152435, 0.1039969617564839, 0.0, 0.019844284713727435, 0.31040942470539923, 0.02338031725599802, 0.012540539026921696, 0.0165646718143533, 0.010396956586979074, 0.020708021671641867, 0.012925926770590667, 0.0169346288134853, 0.019259605989591415, 0.02450571253358056, 0.01803513858584707, 0.06391363024793502, 0.3409022766007587, 0.08822087270978055, 0.170441983286818, 0.04733018741794931, 0.04404819877258397, 0.06555835584130204, 0.021780880247342153, 0.024200460688724036, 0.7465715209583734, 0.42639064625988793, 0.557659046048794, 0.3628803614296372, 0.2963052479701292, 0.48616954646828203, 0.3543720578702663, 1.1794377225025174, 0.29933145365659397, 0.18838184009864467, 0.08663400241148203, 0.029183476398181262, 0.24947673757378588, 0.2886897956457128, 0.18576986958416622, 0.2852442113793482, 0.21132591378419413, 0.037044288570569864, 0.09998935108837309, 0.0707979658333405, 0.169340703340875, 0.08628421436758335, 0.07999210275517817, 0.07684896570546523, 0.09266778220562494, 0.4297392039168034, 0.45897405798117924, 0.2642009586919678, 0.4086120221314434, 0.29826871122771886, 0.9286133535192596, 1.4044034359415671, 2.5790002904467015, 0.35602546075004127, 0.02106167572288675, 1.5108761622165945, 0.09270666867181296, 0.2835472930535139, 0.25879500304041364, 0.6012351486049758, 0.0950706499644021, 0.13183244954171355, 0.085953075226365, 0.023950655119175414, 0.022326369012764802, 0.02292519453079271, 0.025160763817336645, 0.02293499023670324, 0.02899801721269782, 0.025422331355450307, 0.029046090525942383, 0.02612921331420791, 0.026974074890991014, 0.025567912100391665, 0.025700628862850593, 0.024538869600929117, 0.043963300281254294, 0.5672495136289836, 0.016147070070550305, 0.01903971037611244, 0.013675358953493274, 0.01958620120042806, 0.440744502718235, 0.032452371146485005, 0.03793054267247351, 0.06078042858300127, 0.0069000949812722204, 0.00946350218134024, 0.010856375070888722, 
0.003668646586271018, 0.00338756766628739, 0.004280355049894029, 0.0035219210267649665, 0.003457104401458031, 0.004533951710426478, 0.14047373980869302, 0.0034587973814342583, 0.12101023949466366, 0.019844284713727435, 0.0, 0.2919580149956396, 0.006912731690331567, 0.009697876358863367, 0.0038249260930593625, 0.017725583147883663, 0.004534228353615733, 0.012711589262374416, 0.010921767439321101, 0.019261492485291992, 0.03785815360362539, 0.007851227578743653, 0.04933631700805282, 0.3233560125755263, 0.07882985084209099, 0.18590005891303832, 0.06221595044966223, 0.059185514694322906, 0.059843199096557664, 0.020339798918994047, 0.03988452228103526, 0.7618833442471361, 0.4407359350474012, 0.570696250188279, 0.3777549139729577, 0.30982959436336016, 0.4789057844756823, 0.3679071296227844, 1.1891631788368489, 0.31289943406311294, 0.19903635179792906, 0.07911859882023929, 0.02948781516906177, 0.2600376459728279, 0.2991454643141163, 0.1998131662015979, 0.2981790127748807, 0.22548123192491074, 0.021681112355131787, 0.09647298080991092, 0.08649314468743724, 0.1651414519807584, 0.08006850476273875, 0.07732269793686312, 0.07531175278370794, 0.10831454287627201, 0.442771657318312, 0.4718143073908307, 0.2741017548368418, 0.40994893514122355, 0.3093789448608479, 0.9417024992698346, 1.4127186581067077, 2.5877516540583185, 0.36957813592712907, 0.0045191508380930225, 1.5154531088242884, 0.08251975554527177, 0.28441413873790544, 0.24698372447672584, 0.5859951315486368, 0.09134438566912366, 0.14675996685214407, 0.07957392838503699, 0.005896006116333503, 0.0046266756202841455, 0.005231647707486015, 0.0076343685691632485, 0.005241961952957189, 0.013549208164003727, 0.016159624644745903, 0.012542112437756258, 0.008442717581121213, 0.011892680347340685, 0.010194298688264658, 0.00974240496244589, 0.008912032351482146, 0.03958282742509403, 0.5492588923292094, 0.006954086599611124, 0.009996083857104893, 0.011650636245758905, 0.0074449350838499476, 0.4457611631217704, 0.044329112986116324, 0.054486955080197644, 0.049891823881095844, 0.015935236361070363, 0.01453643315730225, 0.01773125654369984, 
0.2914057134973301, 0.292784318481598, 0.29274883881072417, 0.2922873624686764, 0.2922894438352423, 0.2945680220168958, 0.17031545462955855, 0.292552348815115, 0.4111669404854012, 0.31040942470539923, 0.2919580149956396, 0.0, 0.2945973776184056, 0.29941357249804795, 0.29443283432627093, 0.30705053535064664, 0.29298066897491737, 0.30313483793757223, 0.300196373165779, 0.3084992400439001, 0.3272322593306452, 0.2970344537707357, 0.3388584303210817, 0.6122827578729957, 0.3347447472109394, 0.47566986065078776, 0.35166352155111263, 0.34879910643347556, 0.3491708841212877, 0.30967474605160605, 0.3299949414697414, 1.0492862215112784, 0.729999864276455, 0.8598775997241154, 0.6671060140284376, 0.5993166832370712, 0.7688478177592057, 0.6570687296757645, 1.4791571243354988, 0.6020303540016341, 0.489035887267231, 0.3688207260124891, 0.3193362443889757, 0.5499324165356946, 0.5891219813611562, 0.4896049545789127, 0.5881636836838707, 0.515512974593683, 0.3093825718735713, 0.38601558472462266, 0.375951643344393, 0.4549482840999327, 0.36958960331320817, 0.3669930163478827, 0.365482739595526, 0.39781606587169693, 0.7316725345798604, 0.7615706227021128, 0.5632162436159551, 0.6989121611287378, 0.5994203888028744, 1.230829623124155, 1.5361925823864284, 2.8777845072168575, 0.6592422655556345, 0.2922027892597261, 1.7276641776656192, 0.37160823024587636, 0.573375220508342, 0.5360980355599367, 0.29586906202334373, 0.380756891598984, 0.4369332928473175, 0.36944345488749164, 0.2948067362052688, 0.2939154823935655, 0.29334807338380803, 0.2961006868107535, 0.293804644840073, 0.303222068063695, 0.3059476827015837, 0.3015910197611449, 0.2971094962842068, 0.3017020674825076, 0.2997902132822604, 0.2980439998077314, 0.29723106264462845, 0.32956179806263236, 0.8376807315827695, 0.29670818943121813, 0.2997401486826728, 0.3023841365911434, 0.29754940740123115, 0.7001018967252645, 0.3344447445796677, 0.34499324291360284, 0.3364716390387789, 0.3062233573431104, 0.3051010289668296, 0.308023216993853, 
0.0048154345361176715, 0.006646463986665381, 0.006268066204163125, 0.005494947855092984, 0.005694403090790517, 0.008481776543816757, 0.143983856659611, 0.005183746414036597, 0.12434294464010068, 0.02338031725599802, 0.006912731690331567, 0.2945973776184056, 0.0, 0.012502256937296266, 0.008229507912602348, 0.021535744336244146, 0.007933617809907185, 0.017522438057000288, 0.013336219838940821, 0.022703250495233765, 0.03981490570395701, 0.010159872076113475, 0.05287028269087426, 0.32687392547466365, 0.07976143089462352, 0.18880145192039757, 0.06611062169590183, 0.06325417426253375, 0.05872065746370469, 0.02261587374329868, 0.042630400002018835, 0.7628680214719495, 0.4424253941929421, 0.5723661639239066, 0.3808707920145519, 0.3124243599469642, 0.4824349640064277, 0.370939815548675, 1.192927180820224, 0.315863424423443, 0.20274035638960006, 0.0824000774772592, 0.03247641267399131, 0.2626868858723603, 0.3017707096155327, 0.20155210451181982, 0.3004130169145808, 0.22781508969883435, 0.0214351481830595, 0.09796631354160383, 0.08815967627053903, 0.1656353425935317, 0.08174323195501805, 0.07950273085380839, 0.0797456187050182, 0.10865259883738462, 0.4431793699415832, 0.47411458824137814, 0.2771539636679656, 0.41227209480110916, 0.31341614676757906, 0.9393129698860521, 1.4148575851916736, 2.591352564596292, 0.37253912960275487, 0.005414945093578883, 1.51826724966752, 0.08529107323659918, 0.286078929816656, 0.24854758936053828, 0.5878008785442318, 0.09408778595754459, 0.15066651882861753, 0.08147870579071799, 0.007475547416744459, 0.007206545578923697, 0.0064350237320626195, 0.008495456134771156, 0.007092688363278436, 0.015090409226250903, 0.01773455531199334, 0.014475820880064884, 0.009481494903123631, 0.01351474165887162, 0.01166371654665211, 0.010529347826425579, 0.009414168568691986, 0.042912847808803126, 0.550988088785094, 0.010786017714548166, 0.012288657619373705, 0.01700598279000545, 0.011424819495370539, 0.4496945508988667, 0.048491063047824585, 0.05833103766498091, 0.0470266252101552, 0.020916916052706652, 0.020078608447587087, 0.02255478053510088, 
0.010398758920915959, 0.010321258506635475, 0.010562868386086817, 0.009813844449590832, 0.009961908014961487, 0.0069225303777074735, 0.1457612257453547, 0.010110932928727842, 0.11344137181143492, 0.012540539026921696, 0.009697876358863367, 0.29941357249804795, 0.012502256937296266, 0.0, 0.0072677027540727366, 0.011147613911737174, 0.009530362619569323, 0.0082284972976258, 0.0071712877472237665, 0.012241212421217954, 0.03095973019623963, 0.005855882464460807, 0.05169815731729571, 0.330259012275764, 0.07975397701223312, 0.17931538953378992, 0.05638344535780821, 0.05261855093536648, 0.05692919070782978, 0.015460835277337309, 0.034783269412598974, 0.7553609298205322, 0.4368118661351749, 0.5663661350000487, 0.3715946020659389, 0.3058638194119998, 0.47743306875815106, 0.36369765989126346, 1.1882390428394474, 0.30848365428269425, 0.19708414866681195, 0.07603944044086648, 0.026826940319475863, 0.25810620726980166, 0.29721535187289244, 0.19588643546872858, 0.2944678855567466, 0.22163446496033534, 0.026101471125296677, 0.09187685860202295, 0.07975224693259354, 0.15981815236569902, 0.07778569772885911, 0.07208698151629822, 0.07031221252256442, 0.10156552172209643, 0.4381375078002887, 0.4679512438266139, 0.2721072681327964, 0.40590362541256475, 0.30661563205989173, 0.9370810239605474, 1.4112356060569577, 2.5866618462733846, 0.3657867813611541, 0.009864900198663398, 1.5107981849939016, 0.08395351685867004, 0.28009576329278935, 0.2510518635304636, 0.5905964641480825, 0.08675300870246541, 0.1433343951041481, 0.07821988181318573, 0.012820309041933632, 0.011810778198468624, 0.01213199842924511, 0.0143571835794919, 0.012330546527637234, 0.018435958737190845, 0.015191516886423166, 0.018136733159866393, 0.015390094099873554, 0.016521008157177546, 0.015243497168530453, 0.014768171637942461, 0.013682020397207327, 0.03770325968828653, 0.5563157373008831, 0.0049606127793447655, 0.008566863353126265, 0.007450017100296916, 0.008940884733329508, 0.44101890070859967, 0.04164262500267052, 0.04692474528985878, 0.04983304429670688, 0.011075102633195725, 0.013691165913638852, 0.011950058150416184, 
0.005502699415296721, 0.003560567106508711, 0.006220371313469742, 0.0053151399192266965, 0.005404779377598948, 0.003427685606660876, 0.14223936759533287, 0.004326476232888762, 0.11858116911562475, 0.0165646718143533, 0.0038249260930593625, 0.29443283432627093, 0.008229507912602348, 0.0072677027540727366, 0.0, 0.017158717179935216, 0.0061358685271405, 0.012866025543260532, 0.009182941168194878, 0.018489269006591178, 0.036199577026547955, 0.00644577323549221, 0.04980215460271939, 0.3254240293560911, 0.07680854778491997, 0.18493722342631957, 0.06156735751181768, 0.058410112334702786, 0.05898046760197431, 0.020286825813776135, 0.03904237314769611, 0.761226816264138, 0.43999440127860745, 0.5706554262735231, 0.37694408483134756, 0.309306404862181, 0.48074488320996994, 0.36746921803226656, 1.1903918063230707, 0.31266595787116036, 0.1991847527139003, 0.07866492859727366, 0.029993297660234716, 0.2598055219520202, 0.29886859743977645, 0.19962140789268612, 0.297424501046925, 0.2252369524750907, 0.02211130165017925, 0.09623523418252992, 0.08459341967236167, 0.16359020685344536, 0.07808880993825026, 0.07652152812514673, 0.07465336983445672, 0.10647771261360411, 0.44275145907638447, 0.4720272118074332, 0.27425815510156604, 0.40951702339610335, 0.30874416667276317, 0.9417552332773946, 1.4145263223403504, 2.5894379499121714, 0.36977389598687443, 0.0053845120320992704, 1.5154067075106286, 0.08251513856225937, 0.2844452751804158, 0.24661532192420324, 0.586275533555921, 0.09038267606565281, 0.1461041940415207, 0.07956070184488194, 0.008498216651475522, 0.007141115418153632, 0.00782248995836719, 0.010028603897874369, 0.007793752141216941, 0.014157866960678786, 0.014516905897162613, 0.014461670228202867, 0.01102721926397917, 0.012235772128801737, 0.010786357901042353, 0.010357628030162947, 0.009412027532616943, 0.041258904984437614, 0.5520263387355394, 0.007562988457497092, 0.00880140871703256, 0.011274450243998693, 0.008409810594465217, 0.445213806648005, 0.04314444891425915, 0.052475472496221455, 0.04965478535885981, 0.014877962735173068, 0.01480790793922968, 0.01638876043028433, 
0.018352032988133586, 0.01988828223280741, 0.01776752871868526, 0.01758698266347127, 0.01732327144236593, 0.0159650046274252, 0.15336336230692796, 0.01989987134152875, 0.10900616481173726, 0.010396956586979074, 0.017725583147883663, 0.30705053535064664, 0.021535744336244146, 0.011147613911737174, 0.017158717179935216, 0.0, 0.01593939470369832, 0.008796040355037239, 0.012400317195652424, 0.012608204667346168, 0.025557560955076088, 0.014927188778336566, 0.05944960291968122, 0.3370867272576919, 0.0870478998032026, 0.1723646219709157, 0.04944177565290465, 0.045434924880530685, 0.06220360139053505, 0.015501996408755228, 0.027018683855055948, 0.7481576881454972, 0.4299317083239523, 0.5596453021401717, 0.36624354406515347, 0.29961215341219144, 0.4810264175920944, 0.3565940092726704, 1.1828888453511313, 0.30122483316046444, 0.19082679818671572, 0.0806891318343477, 0.023753686243002017, 0.2531101960064695, 0.29230277362539603, 0.18959952505107525, 0.2887944170983646, 0.21448557511010158, 0.0349531340265098, 0.0949998144830101, 0.07604144682068914, 0.1668186854142739, 0.08406641309507472, 0.0758254056761021, 0.07222117630077252, 0.09814645765913736, 0.4309949502866472, 0.46119086195677245, 0.2661112549620418, 0.4043519334718445, 0.3002014236922071, 0.9301114506592629, 1.4047965866609555, 2.5807566534498085, 0.3579049285472094, 0.018089580589316447, 1.5054433072519564, 0.08927200731997195, 0.27869296504946833, 0.25623728673056323, 0.5983747969991743, 0.08981255640468384, 0.135085986828051, 0.08079846065325236, 0.019473220028271506, 0.019965618753162048, 0.02004771036867549, 0.021891418340521718, 0.02030959937016374, 0.028092409552764205, 0.025410352946106933, 0.025723019954087812, 0.02200697922909876, 0.027164810354697796, 0.025649193625268386, 0.025055038100316982, 0.024201515586616325, 0.04065773397617348, 0.5640774906277165, 0.01325706516934579, 0.01716242704537341, 0.01123375542974922, 0.017239547508977198, 0.4375824559962456, 0.039043640926944484, 0.04226549507002939, 0.05734539247986074, 0.006919831519763593, 0.011496278561555918, 0.009727029024470034, 
0.004222155182034989, 0.005090345763215772, 0.003958762871450135, 0.004434146002384555, 0.004551309668146036, 0.00467752507948036, 0.14200035414835974, 0.005577911678355781, 0.12126194851284139, 0.020708021671641867, 0.004534228353615733, 0.29298066897491737, 0.007933617809907185, 0.009530362619569323, 0.0061358685271405, 0.01593939470369832, 0.0, 0.01196487247110998, 0.010526507047575758, 0.018129943154004048, 0.03808186135270574, 0.006667759216935026, 0.04697431906052491, 0.32254824851590314, 0.07994635617881327, 0.18488145829884503, 0.0621268507506567, 0.05809292411591837, 0.05907933654308973, 0.02114396091085243, 0.04043740814228565, 0.7613510345561824, 0.4426234266389732, 0.5723454552386271, 0.3780386107728402, 0.3118983089807418, 0.4812930284783222, 0.3695819906868419, 1.1915556907224962, 0.31466814800499343, 0.20134102057321296, 0.08119391974349305, 0.03181219413123532, 0.26232631677098495, 0.30148495430723654, 0.2019112563464558, 0.30054410893347977, 0.22788413555245451, 0.02233679906357562, 0.09810509586183246, 0.0883632072546278, 0.16720019903989505, 0.0819659259146672, 0.07911932214812191, 0.07632684992665002, 0.11017179951846211, 0.4444895405154728, 0.4740751173208215, 0.2760666963980111, 0.4117773027616091, 0.3117800019224121, 0.9427941323633451, 1.415261566127962, 2.590126155487425, 0.37131791122917934, 0.004707866626865392, 1.5174020956052143, 0.08394116728284962, 0.28594972749541336, 0.24842634317593024, 0.5873190037434987, 0.09211595941769173, 0.14934279901190933, 0.08174315946561266, 0.0072275154758983055, 0.006703192938992562, 0.006419879885820828, 0.0085972892255383, 0.006762795100980831, 0.015065761476201301, 0.018683507914079092, 0.01379361924656517, 0.009845370877477319, 0.014462554077678302, 0.012538393734806225, 0.01089015230904724, 0.009956118072330166, 0.042067091271636915, 0.5501493287295157, 0.007220556495546127, 0.010621356350443329, 0.01206829637750702, 0.008196275073516678, 0.44690938954299875, 0.047037489446856054, 0.054218191350465565, 0.05120333177940522, 0.01758382860767292, 0.017698676127699698, 0.018317325931293777, 
0.014533376705783769, 0.015072991369876516, 0.014138599845113162, 0.013662847375172359, 0.01347101022131418, 0.011500500786930816, 0.14752196466198042, 0.014662148242450906, 0.11382670717174709, 0.012925926770590667, 0.012711589262374416, 0.30313483793757223, 0.017522438057000288, 0.0082284972976258, 0.012866025543260532, 0.008796040355037239, 0.01196487247110998, 0.0, 0.013458222045687808, 0.013500797159632563, 0.03129031869316033, 0.009692282055285596, 0.05531968283550461, 0.3330061575100352, 0.08627056970802416, 0.17791511586185121, 0.055471101645279124, 0.05043411432039097, 0.06231143927408659, 0.017954411861138435, 0.031981307810696386, 0.754653564268055, 0.4356399186213886, 0.5655417470182049, 0.37095071747903785, 0.30490616344978966, 0.47890378379520465, 0.3628474531502011, 1.1839422932920698, 0.30783940132780735, 0.19271085768142268, 0.08125642925559118, 0.023383488515933776, 0.255562765492358, 0.29455615336049035, 0.19440755933253137, 0.29300689962027465, 0.22014746456892892, 0.03208568872498971, 0.09457614251948651, 0.08128844295757134, 0.166916951913772, 0.08535365724007492, 0.0754403294661742, 0.07365368843889021, 0.10317480622762196, 0.4375107542763978, 0.46675883772450044, 0.26977058965828793, 0.40593158432414195, 0.3043256120427329, 0.9363299400625107, 1.4082940918766462, 2.5821712743215595, 0.36423110696638933, 0.014160323108813048, 1.5101161491666746, 0.08913676129667447, 0.28009902183728574, 0.2560856744614708, 0.595673328141599, 0.09201540191598741, 0.14171500624682729, 0.08147262652100892, 0.016254190370950796, 0.014721814759774741, 0.015006021095641267, 0.017401487876482595, 0.01517601164338966, 0.02253213010237474, 0.020216924922214566, 0.020041209320949365, 0.01831131069018299, 0.020862259283882547, 0.019524095166336648, 0.020372957050777622, 0.019490710180026252, 0.03572574802170046, 0.5582753811241776, 0.00904981428715662, 0.012957923405448447, 0.005465573056375653, 0.011240757459104585, 0.44028398131489194, 0.03925739104925355, 0.044838068714945674, 0.05393728038852807, 0.010225446892187592, 0.011236358110579495, 0.010276441446117076, 
0.011386071555299804, 0.011618313973512024, 0.011026387666417172, 0.010481665165729364, 0.010361600715350274, 0.007596277047037132, 0.1460041771587995, 0.01152988947365448, 0.11563015265218674, 0.0169346288134853, 0.010921767439321101, 0.300196373165779, 0.013336219838940821, 0.0071712877472237665, 0.009182941168194878, 0.012400317195652424, 0.010526507047575758, 0.013458222045687808, 0.0, 0.012628450268575455, 0.03168067732020628, 0.007332361638587756, 0.05275407952506331, 0.33068939477498943, 0.07752535621587876, 0.180705429179966, 0.05676349008259551, 0.055611395313314785, 0.054940270335610095, 0.013783779230061669, 0.034910464605177466, 0.7553865855257389, 0.4372263959840598, 0.5666693788551398, 0.3732831209730069, 0.30696600774490507, 0.48030516089497893, 0.36414541912179665, 1.190955468061555, 0.3084705414668795, 0.1990653093692292, 0.07725763465609582, 0.029999825231160206, 0.260624302435058, 0.29977739116320257, 0.19695445514298357, 0.2959905961655592, 0.22161813481820028, 0.02581321455001794, 0.0939789656370914, 0.08283790928535419, 0.16011422732277727, 0.07435469221756512, 0.07407495613862845, 0.07050681413899723, 0.10348672345504364, 0.43841163449510656, 0.46855268230449126, 0.2722724162061144, 0.4059858197897828, 0.30748550616202663, 0.9373049776403581, 1.4116045229279428, 2.5888236965999027, 0.3643793479991843, 0.010579350660975493, 1.5111924096406733, 0.08139717722933225, 0.28092139000558897, 0.24841271641227985, 0.5898811430962819, 0.0869665032217928, 0.14204658880734583, 0.07446405284019911, 0.012307713381416866, 0.012549850020805888, 0.012505536584265491, 0.014890690506594417, 0.012852304218269137, 0.018813807190569447, 0.016423738338145567, 0.018200490436552003, 0.01489102958393886, 0.018036655256361507, 0.016523448916853565, 0.016487739619471115, 0.015464827882118918, 0.04277359049475661, 0.5569209871378806, 0.007448488526720612, 0.010407540331460867, 0.01236832128842814, 0.009736798875440815, 0.44390475490468156, 0.046106705449201875, 0.05033799755753389, 0.049673392585976736, 0.014112482024556016, 0.019027190298877096, 0.014493514946774975, 
